-3 21
-1 0 7
-1 1 0
-1 2 0
-1 3 12
-1 4 36
-1 5 36
-1 6 -12
0 0 0
0 1 87
0 2 93
0 3 76
0 4 77
0 5 76
0 6 81
1 0 87
1 1 0
1 2 87
1 3 37
1 4 50
1 5 60
1 6 76
2 0 93
2 1 87
2 2 0
2 3 32
2 4 43
2 5 52
2 6 63
3 0 76
3 1 37
3 2 32
3 3 0
3 4 24
3 5 40
3 6 56
4 0 77
4 1 50
4 2 43
4 3 24
4 4 0
4 5 18
4 6 42
5 0 76
5 1 60
5 2 52
5 3 40
5 4 18
5 5 0
5 6 32
6 0 81
6 1 76
6 2 63
6 3 56
6 4 42
6 5 32
6 6 0
-2 0 0 127
-2 0 1 0
-2 1 0 139
-2 1 1 36
-2 2 0 163
-2 2 1 -12
-2 3 0 15
-2 3 1 -97
-2 4 0 0
-2 4 1 -127
-2 5 0 0
-2 5 1 -127
-2 6 0 0
-2 6 1 -127
-4 21
